1024 4096
0 0
0 6
0 73
0 110
0 156
0 189
0 231
0 236
0 264
0 288
0 325
0 385
0 416
0 482
0 529
0 530
0 536
0 544
0 588
0 626
0 752
0 921
1 1
1 8
1 84
1 170
1 275
1 306
1 661
1 664
1 673
1 684
1 751
1 773
2 2
2 39
2 89
2 204
2 205
2 354
2 448
2 451
2 461
2 466
2 516
2 546
2 645
2 792
3 3
3 46
3 52
3 65
3 200
3 230
3 262
3 275
3 542
3 655
3 677
3 718
3 780
4 4
4 42
4 150
4 256
4 392
4 519
4 688
4 724
4 900
4 944
5 5
5 8
5 106
5 280
5 430
5 497
5 538
5 582
5 628
5 914
6 0
6 6
6 34
6 631
6 768
6 851
7 7
7 8
7 235
7 416
7 540
7 589
8 1
8 5
8 7
8 8
8 33
8 41
8 201
8 230
8 272
8 503
8 516
8 552
8 601
8 624
9 9
9 11
9 24
9 72
9 149
9 213
9 304
9 494
9 602
9 848
9 898
10 10
10 128
10 131
10 139
10 563
10 718
10 845
10 913
11 9
11 11
11 165
11 170
11 324
11 417
11 789
11 803
12 12
12 31
12 312
12 346
12 368
12 556
12 673
12 773
12 781
13 13
13 424
13 524
13 535
13 606
13 657
14 14
14 98
14 144
14 521
14 740
14 791
15 15
15 91
15 94
15 1008
16 16
16 317
16 424
16 554
16 770
16 842
17 17
17 125
17 371
17 473
17 618
17 709
17 789
18 18
18 87
18 236
18 271
18 285
18 710
18 716
18 828
19 19
19 24
19 162
19 224
19 838
20 20
20 39
20 265
20 288
20 768
21 21
21 140
21 279
21 385
21 471
21 587
21 617
22 22
22 195
22 625
22 680
22 933
23 23
23 458
24 9
24 19
24 24
24 129
24 344
24 448
24 659
24 982
25 25
25 114
25 190
25 208
25 238
25 306
25 442
25 628
26 26
26 94
26 148
26 183
26 201
26 226
26 386
26 407
26 553
26 586
26 665
26 789
26 897
27 27
27 515
27 641
27 1019
28 28
28 261
28 515
29 29
29 688
30 30
30 333
30 444
30 517
30 600
30 757
31 12
31 31
31 558
31 930
32 32
32 217
32 293
32 319
32 654
32 820
32 915
33 8
33 33
33 600
33 704
33 786
33 795
33 900
33 1002
34 6
34 34
34 40
34 98
34 136
34 242
34 729
34 769
35 35
35 116
35 148
35 180
35 232
35 532
35 602
35 654
35 680
35 820
36 36
36 101
36 154
36 173
36 229
36 548
36 689
36 770
37 37
37 38
37 163
37 240
37 559
37 584
37 980
38 37
38 38
38 58
38 296
38 403
38 464
38 532
38 677
38 827
38 832
38 967
39 2
39 20
39 39
39 467
39 618
39 657
39 683
40 34
40 40
40 44
40 70
40 150
40 555
40 784
41 8
41 41
41 193
41 305
41 310
41 692
42 4
42 42
42 108
42 272
42 327
42 362
42 418
42 664
43 43
43 88
43 333
43 508
44 40
44 44
44 265
44 275
44 306
44 546
44 930
44 951
44 966
45 45
45 172
45 482
46 3
46 46
46 49
46 311
46 395
46 442
46 496
46 549
46 805
47 47
47 655
47 728
48 48
48 120
48 460
48 515
48 583
48 593
48 904
48 916
49 46
49 49
49 178
49 220
49 233
49 246
49 416
49 506
49 768
49 812
49 828
50 50
50 88
50 102
50 269
50 466
50 850
51 51
51 119
51 341
51 613
51 799
51 816
51 900
52 3
52 52
52 159
52 338
52 394
52 521
52 532
53 53
53 921
54 54
54 220
54 515
54 552
54 872
55 55
55 303
55 398
56 56
56 248
56 276
56 308
56 652
57 57
57 201
57 841
58 38
58 58
58 71
58 195
58 238
58 621
58 665
58 736
58 829
59 59
59 876
60 60
61 61
61 120
61 137
61 164
61 312
61 928
62 62
62 331
63 63
64 64
64 116
64 284
64 558
64 692
64 760
65 3
65 65
65 80
65 85
65 137
65 256
65 713
65 789
65 796
65 883
66 66
66 128
66 162
66 365
66 527
66 1021
67 67
67 956
68 68
68 349
68 434
68 686
68 687
69 69
69 92
69 449
69 535
70 40
70 70
70 602
71 58
71 71
71 100
72 9
72 72
72 562
72 864
73 0
73 73
73 97
73 258
73 486
73 789
73 842
73 863
74 74
74 81
74 110
74 136
74 193
74 570
75 75
75 271
75 333
75 412
75 982
76 76
76 178
76 288
76 324
76 386
76 961
77 77
77 81
77 179
77 245
77 325
77 513
77 626
77 850
78 78
79 79
79 407
80 65
80 80
80 246
80 324
80 417
80 481
80 676
80 968
81 74
81 77
81 81
81 218
81 321
81 363
81 408
81 661
82 82
82 336
83 83
83 329
83 595
83 772
84 1
84 84
84 149
84 225
84 288
84 371
84 571
84 635
84 773
85 65
85 85
85 133
85 546
85 656
86 86
86 258
86 862
87 18
87 87
87 370
87 504
88 43
88 50
88 88
88 513
88 573
88 592
88 653
88 689
88 748
88 759
88 769
89 2
89 89
89 147
89 835
89 974
89 1009
90 90
90 155
90 871
91 15
91 91
92 69
92 92
92 403
92 443
92 553
93 93
93 143
93 154
93 489
93 672
93 786
93 852
94 15
94 26
94 94
94 225
95 95
95 256
96 96
96 284
96 400
96 403
96 768
96 781
96 869
96 963
97 73
97 97
97 148
97 315
97 805
97 835
97 898
98 14
98 34
98 98
98 129
98 270
98 354
98 515
98 640
98 826
98 884
98 910
99 99
99 386
99 401
99 406
99 487
99 655
99 994
100 71
100 100
100 200
100 257
100 322
100 353
100 400
100 648
100 1008
101 36
101 101
101 546
102 50
102 102
102 263
102 396
102 405
102 663
102 744
103 103
103 267
104 104
104 275
104 679
104 916
105 105
105 280
105 323
105 515
105 793
106 5
106 106
106 913
107 107
107 488
108 42
108 108
109 109
110 0
110 74
110 110
110 772
111 111
112 112
112 194
113 113
113 319
113 324
113 588
113 738
114 25
114 114
114 165
114 301
115 115
115 596
116 35
116 64
116 116
116 142
116 265
116 520
116 544
116 545
117 117
117 133
117 276
117 472
118 118
118 977
119 51
119 119
120 48
120 61
120 120
120 288
121 121
121 579
122 122
122 461
123 123
123 306
123 598
123 781
124 124
125 17
125 125
125 531
126 126
126 333
126 653
127 127
127 281
128 10
128 66
128 128
128 153
128 291
128 369
128 403
128 418
128 512
128 520
128 528
128 1015
129 24
129 98
129 129
129 182
129 237
129 242
129 899
130 130
130 137
130 172
130 220
130 415
130 570
130 643
130 898
130 919
131 10
131 131
131 151
131 416
131 704
131 955
132 132
132 154
132 465
132 534
133 85
133 117
133 133
133 257
133 643
133 953
134 134
134 452
134 547
134 694
134 786
134 812
135 135
135 219
135 494
135 542
135 710
135 720
135 725
136 34
136 74
136 136
136 256
136 265
136 320
136 435
136 620
136 651
136 809
136 876
137 61
137 65
137 130
137 137
137 737
137 745
138 138
138 257
138 381
138 392
138 504
138 582
138 769
139 10
139 139
139 500
140 21
140 140
140 212
141 141
141 152
141 794
142 116
142 142
142 385
142 755
143 93
143 143
143 916
144 14
144 144
144 153
144 169
144 228
144 366
144 389
144 601
144 615
144 751
144 753
145 145
145 756
145 998
146 146
146 227
146 538
146 557
146 930
147 89
147 147
147 193
147 555
147 581
147 659
148 26
148 35
148 97
148 148
148 261
148 376
148 642
149 9
149 84
149 149
149 479
149 537
150 4
150 40
150 150
150 273
150 512
151 131
151 151
151 305
151 912
152 141
152 152
152 187
152 355
152 505
152 523
153 128
153 144
153 153
153 156
153 790
153 982
154 36
154 93
154 132
154 154
154 257
154 349
154 449
154 515
154 696
155 90
155 155
155 453
155 804
155 805
155 1003
156 0
156 153
156 156
156 207
156 403
156 513
156 886
157 157
157 366
157 552
157 990
158 158
158 515
158 543
158 552
158 849
159 52
159 159
159 555
159 674
160 160
160 219
160 344
160 516
161 161
161 554
161 667
161 813
161 991
162 19
162 66
162 162
162 610
162 900
162 949
163 37
163 163
163 602
163 779
164 61
164 164
164 286
164 454
164 466
164 896
164 991
165 11
165 114
165 165
165 291
165 504
166 166
166 528
166 552
166 784
167 167
167 256
167 520
168 168
168 256
168 272
169 144
169 169
169 386
169 420
169 499
169 618
169 1002
170 1
170 11
170 170
170 368
170 469
170 722
170 973
171 171
171 682
172 45
172 130
172 172
172 280
172 315
172 359
172 842
173 36
173 173
174 174
174 636
175 175
175 800
176 176
176 965
177 177
177 264
177 291
177 346
177 454
177 530
178 49
178 76
178 178
178 290
178 433
179 77
179 179
179 384
179 434
179 757
180 35
180 180
180 313
181 181
181 262
181 530
182 129
182 182
182 556
183 26
183 183
183 768
184 184
184 194
184 306
184 388
184 586
185 185
185 442
186 186
186 240
186 970
187 152
187 187
187 323
187 464
188 188
189 0
189 189
189 588
190 25
190 190
190 289
190 359
190 617
191 191
191 770
191 805
192 192
192 197
192 349
192 469
192 641
192 647
192 723
192 946
193 41
193 74
193 147
193 193
193 271
193 289
193 302
193 832
194 112
194 184
194 194
194 259
194 261
194 523
194 810
194 899
195 22
195 58
195 195
195 564
196 196
196 280
196 683
197 192
197 197
197 915
198 198
198 370
198 849
199 199
199 912
200 3
200 100
200 200
200 220
200 376
200 984
201 8
201 26
201 57
201 201
201 271
201 308
201 324
201 365
201 416
202 202
202 269
202 442
202 976
203 203
203 298
203 835
203 921
204 2
204 204
204 823
205 2
205 205
206 206
207 156
207 207
207 608
208 25
208 208
208 555
208 612
208 935
209 209
209 826
209 837
209 909
210 210
210 278
210 678
210 844
211 211
212 140
212 212
212 309
212 612
212 728
212 909
213 9
213 213
213 720
213 830
214 214
214 650
215 215
215 339
216 216
217 32
217 217
217 274
217 372
217 525
217 741
218 81
218 218
218 458
218 459
218 551
219 135
219 160
219 219
220 49
220 54
220 130
220 200
220 220
220 266
220 297
220 412
220 962
221 221
221 862
222 222
223 223
223 653
224 19
224 224
224 354
224 517
224 527
224 650
224 740
225 84
225 94
225 225
225 776
225 809
225 818
226 26
226 226
226 518
226 981
227 146
227 227
227 292
227 453
228 144
228 228
228 272
228 329
228 393
228 538
228 614
229 36
229 229
230 3
230 8
230 230
231 0
231 231
232 35
232 232
232 248
232 533
232 634
232 814
232 844
233 49
233 233
234 234
234 714
235 7
235 235
235 287
235 602
235 608
235 934
236 0
236 18
236 236
236 296
236 524
236 641
237 129
237 237
237 608
237 666
237 833
238 25
238 58
238 238
239 239
239 545
240 37
240 186
240 240
240 910
241 241
241 393
241 467
241 705
242 34
242 129
242 242
242 654
243 243
243 897
244 244
245 77
245 245
245 309
246 49
246 80
246 246
247 247
247 273
248 56
248 232
248 248
248 420
249 249
249 847
250 250
250 405
250 920
251 251
251 388
251 668
252 252
252 692
253 253
253 434
253 549
253 667
254 254
255 255
255 264
256 4
256 65
256 95
256 136
256 167
256 168
256 256
256 456
256 516
256 566
256 774
256 902
257 100
257 133
257 138
257 154
257 257
257 400
257 435
257 455
257 620
257 654
257 804
258 73
258 86
258 258
258 586
258 622
258 771
258 880
258 882
258 1004
259 194
259 259
259 296
259 376
260 260
260 356
260 528
260 645
260 686
260 704
260 853
261 28
261 148
261 194
261 261
261 584
261 848
262 3
262 181
262 262
262 299
263 102
263 263
263 304
263 397
263 748
264 0
264 177
264 255
264 264
264 385
264 386
264 475
264 560
264 587
264 679
264 755
264 965
265 20
265 44
265 116
265 136
265 265
265 688
266 220
266 266
266 584
266 604
267 103
267 267
267 373
267 546
267 594
267 881
268 268
268 345
268 793
268 940
269 50
269 202
269 269
269 287
269 360
269 484
269 649
270 98
270 270
271 18
271 75
271 193
271 201
271 271
271 308
271 416
271 513
272 8
272 42
272 168
272 228
272 272
272 401
272 444
272 520
272 692
273 150
273 247
273 273
273 407
273 910
274 217
274 274
274 395
274 578
274 646
275 1
275 3
275 44
275 104
275 275
275 307
275 324
275 409
275 785
276 56
276 117
276 276
276 337
276 488
276 658
277 277
277 440
277 474
277 868
278 210
278 278
278 605
279 21
279 279
280 5
280 105
280 172
280 196
280 280
280 306
280 437
280 512
280 546
280 888
281 127
281 281
281 300
281 594
281 836
282 282
282 449
283 283
283 512
283 781
284 64
284 96
284 284
284 448
284 485
284 736
284 781
285 18
285 285
285 848
285 981
286 164
286 286
286 460
286 468
287 235
287 269
287 287
287 503
288 0
288 20
288 76
288 84
288 120
288 288
288 710
288 806
288 917
289 190
289 193
289 289
289 608
289 801
289 871
289 1019
290 178
290 290
290 320
290 783
291 128
291 165
291 177
291 291
291 710
292 227
292 292
292 331
293 32
293 293
293 452
293 834
293 945
294 294
294 320
294 428
294 961
295 295
295 520
295 930
295 953
296 38
296 236
296 259
296 296
296 820
297 220
297 297
297 545
298 203
298 298
298 673
299 262
299 299
299 738
299 774
299 990
300 281
300 300
300 603
300 688
301 114
301 301
301 875
302 193
302 302
302 848
303 55
303 303
303 459
303 579
304 9
304 263
304 304
304 480
304 832
305 41
305 151
305 305
305 394
305 842
305 982
306 1
306 25
306 44
306 123
306 184
306 280
306 306
307 275
307 307
307 405
307 416
307 579
307 732
307 757
308 56
308 201
308 271
308 308
308 601
309 212
309 245
309 309
309 762
310 41
310 310
311 46
311 311
312 12
312 61
312 312
312 828
312 832
313 180
313 313
313 813
314 314
314 498
314 552
315 97
315 172
315 315
315 584
316 316
316 928
317 16
317 317
318 318
319 32
319 113
319 319
319 781
320 136
320 290
320 294
320 320
320 555
320 768
321 81
321 321
321 775
321 968
322 100
322 322
322 769
322 800
323 105
323 187
323 323
324 11
324 76
324 80
324 113
324 201
324 275
324 324
324 403
324 581
324 584
324 666
324 758
324 796
325 0
325 77
325 325
325 436
325 692
325 807
326 326
327 42
327 327
327 450
327 822
328 328
328 359
328 526
328 642
328 780
329 83
329 228
329 329
329 336
329 412
329 705
330 330
330 524
330 676
330 928
331 62
331 292
331 331
331 365
331 672
332 332
332 337
332 360
332 451
332 615
332 777
333 30
333 43
333 75
333 126
333 333
333 624
334 334
334 901
335 335
336 82
336 329
336 336
336 402
336 537
336 574
336 622
336 654
336 771
336 882
337 276
337 332
337 337
337 367
337 592
337 658
338 52
338 338
338 403
338 516
338 736
339 215
339 339
340 340
340 506
341 51
341 341
342 342
342 712
343 343
343 833
344 24
344 160
344 344
344 556
344 848
344 903
344 957
345 268
345 345
345 389
346 12
346 177
346 346
347 347
348 348
348 380
348 408
348 681
349 68
349 154
349 192
349 349
349 388
350 350
350 660
350 821
351 351
351 783
352 352
352 597
352 842
353 100
353 353
353 390
353 793
354 2
354 98
354 224
354 354
354 429
354 669
355 152
355 355
356 260
356 356
356 562
357 357
357 656
358 358
359 172
359 190
359 328
359 359
360 269
360 332
360 360
361 361
362 42
362 362
362 516
362 557
362 609
362 800
363 81
363 363
364 364
364 947
365 66
365 201
365 331
365 365
366 144
366 157
366 366
366 626
367 337
367 367
368 12
368 170
368 368
368 396
368 708
368 823
369 128
369 369
369 516
370 87
370 198
370 370
371 17
371 84
371 371
372 217
372 372
372 551
372 953
373 267
373 373
373 791
374 374
374 649
375 375
375 640
376 148
376 200
376 259
376 376
376 552
376 714
377 377
377 613
377 796
378 378
378 721
379 379
380 348
380 380
380 958
381 138
381 381
381 477
382 382
382 708
383 383
384 179
384 384
384 393
384 527
384 654
385 0
385 21
385 142
385 264
385 385
385 507
385 776
386 26
386 76
386 99
386 169
386 264
386 386
386 827
387 387
387 394
387 484
387 543
387 721
387 816
387 919
388 184
388 251
388 349
388 388
389 144
389 345
389 389
389 456
389 631
389 836
390 353
390 390
390 529
390 776
391 391
391 899
392 4
392 138
392 392
392 884
393 228
393 241
393 384
393 393
393 402
393 978
394 52
394 305
394 387
394 394
395 46
395 274
395 395
395 784
395 848
395 868
396 102
396 368
396 396
396 790
397 263
397 397
397 438
398 55
398 398
398 449
398 700
399 399
400 96
400 100
400 257
400 400
400 588
401 99
401 272
401 401
401 540
402 336
402 393
402 402
402 584
403 38
403 92
403 96
403 128
403 156
403 324
403 338
403 403
404 404
404 539
404 566
404 866
405 102
405 250
405 307
405 405
405 525
405 546
405 804
406 99
406 406
406 888
407 26
407 79
407 273
407 407
407 565
407 957
408 81
408 348
408 408
409 275
409 409
410 410
410 596
410 726
410 929
411 411
411 512
411 583
412 75
412 220
412 329
412 412
412 568
413 413
414 414
414 617
415 130
415 415
416 0
416 7
416 49
416 131
416 201
416 271
416 307
416 416
416 612
417 11
417 80
417 417
417 439
417 513
417 514
417 517
417 952
418 42
418 128
418 418
418 562
418 584
418 679
419 419
420 169
420 248
420 420
420 431
420 794
420 798
420 817
420 860
421 421
422 422
422 519
423 423
423 544
423 611
423 995
424 13
424 16
424 424
424 447
424 580
424 672
425 425
426 426
426 757
426 929
427 427
427 612
427 810
428 294
428 428
428 495
429 354
429 429
429 524
430 5
430 430
431 420
431 431
431 464
432 432
433 178
433 433
433 436
433 772
434 68
434 179
434 253
434 434
434 728
435 136
435 257
435 435
435 752
436 325
436 433
436 436
436 741
437 280
437 437
437 600
438 397
438 438
438 680
438 783
438 969
439 417
439 439
439 556
439 610
440 277
440 440
440 550
440 816
440 961
441 441
442 25
442 46
442 185
442 202
442 442
443 92
443 443
443 678
444 30
444 272
444 444
444 854
444 1010
445 445
445 529
445 836
446 446
447 424
447 447
447 522
448 2
448 24
448 284
448 448
448 538
448 628
448 668
448 770
448 797
449 69
449 154
449 282
449 398
449 449
449 859
450 327
450 450
451 2
451 332
451 451
452 134
452 293
452 452
452 801
453 155
453 227
453 453
453 544
453 604
453 770
454 164
454 177
454 454
454 552
454 769
455 257
455 455
455 674
456 256
456 389
456 456
456 656
457 457
458 23
458 218
458 458
458 729
458 806
458 915
459 218
459 303
459 459
460 48
460 286
460 460
460 772
461 2
461 122
461 461
461 516
462 462
463 463
463 605
464 38
464 187
464 431
464 464
464 954
465 132
465 465
465 564
465 614
465 707
466 2
466 50
466 164
466 466
467 39
467 241
467 467
467 945
468 286
468 468
468 480
468 628
468 648
469 170
469 192
469 469
469 845
470 470
471 21
471 471
472 117
472 472
473 17
473 473
474 277
474 474
474 512
475 264
475 475
476 476
477 381
477 477
477 866
478 478
479 149
479 479
479 656
480 304
480 468
480 480
480 591
481 80
481 481
481 540
482 0
482 45
482 482
483 483
484 269
484 387
484 484
484 872
485 284
485 485
485 919
486 73
486 486
487 99
487 487
488 107
488 276
488 488
488 509
488 752
488 816
489 93
489 489
489 544
490 490
490 632
491 491
491 525
491 803
492 492
493 493
494 9
494 135
494 494
495 428
495 495
496 46
496 496
496 586
497 5
497 497
497 516
498 314
498 498
498 627
499 169
499 499
500 139
500 500
500 538
501 501
502 502
502 712
503 8
503 287
503 503
503 568
503 663
504 87
504 138
504 165
504 504
504 648
504 1008
505 152
505 505
505 551
506 49
506 340
506 506
506 703
507 385
507 507
508 43
508 508
508 715
509 488
509 509
510 510
510 707
511 511
512 128
512 150
512 280
512 283
512 411
512 474
512 512
512 523
512 565
512 698
512 737
512 847
512 885
512 964
512 991
513 77
513 88
513 156
513 271
513 417
513 513
513 536
513 700
513 709
513 801
513 961
513 972
514 417
514 514
514 552
514 931
515 27
515 28
515 48
515 54
515 98
515 105
515 154
515 158
515 515
515 637
515 924
516 2
516 8
516 160
516 256
516 338
516 362
516 369
516 461
516 497
516 516
516 900
516 972
517 30
517 224
517 417
517 517
517 824
517 931
518 226
518 518
518 621
519 4
519 422
519 519
519 521
519 778
520 116
520 128
520 167
520 272
520 295
520 520
520 704
520 837
521 14
521 52
521 519
521 521
521 532
521 690
522 447
522 522
522 644
523 152
523 194
523 512
523 523
523 643
523 654
523 920
523 962
524 13
524 236
524 330
524 429
524 524
524 662
525 217
525 405
525 491
525 525
525 609
525 801
526 328
526 526
526 796
527 66
527 224
527 384
527 527
528 128
528 166
528 260
528 528
528 724
528 729
529 0
529 390
529 445
529 529
529 999
530 0
530 177
530 181
530 530
530 894
530 999
531 125
531 531
531 616
531 646
531 759
531 862
532 35
532 38
532 52
532 521
532 532
533 232
533 533
533 839
533 976
534 132
534 534
534 578
535 13
535 69
535 535
535 672
536 0
536 513
536 536
536 602
536 754
536 1010
537 149
537 336
537 537
538 5
538 146
538 228
538 448
538 500
538 538
538 661
539 404
539 539
539 998
540 7
540 401
540 481
540 540
540 674
540 691
541 541
542 3
542 135
542 542
543 158
543 387
543 543
543 800
543 870
543 1002
544 0
544 116
544 423
544 453
544 489
544 544
544 806
544 844
545 116
545 239
545 297
545 545
545 645
546 2
546 44
546 85
546 101
546 267
546 280
546 405
546 546
547 134
547 547
547 584
547 628
548 36
548 548
549 46
549 253
549 549
550 440
550 550
550 902
551 218
551 372
551 505
551 551
551 584
552 8
552 54
552 157
552 158
552 166
552 314
552 376
552 454
552 514
552 552
552 708
553 26
553 92
553 553
553 640
554 16
554 161
554 554
554 986
555 40
555 147
555 159
555 208
555 320
555 555
555 641
555 772
556 12
556 182
556 344
556 439
556 556
556 576
557 146
557 362
557 557
557 753
558 31
558 64
558 558
559 37
559 559
560 264
560 560
560 615
561 561
561 577
561 720
561 765
562 72
562 356
562 418
562 562
562 746
562 768
562 960
563 10
563 563
563 678
564 195
564 465
564 564
564 932
565 407
565 512
565 565
566 256
566 404
566 566
566 594
567 567
567 584
568 412
568 503
568 568
568 768
568 875
569 569
569 802
570 74
570 130
570 570
570 714
571 84
571 571
571 834
572 572
572 800
573 88
573 573
573 679
573 856
574 336
574 574
575 575
576 556
576 576
576 609
576 646
576 649
576 744
576 745
576 939
577 561
577 577
577 931
578 274
578 534
578 578
578 648
578 917
579 121
579 303
579 307
579 579
579 782
580 424
580 580
580 806
581 147
581 324
581 581
582 5
582 138
582 582
583 48
583 411
583 583
584 37
584 261
584 266
584 315
584 324
584 402
584 418
584 547
584 551
584 567
584 584
584 770
585 585
585 723
586 26
586 184
586 258
586 496
586 586
586 739
586 847
586 954
587 21
587 264
587 587
588 0
588 113
588 189
588 400
588 588
588 685
588 724
588 802
588 856
589 7
589 589
589 659
590 590
590 833
590 840
591 480
591 591
592 88
592 337
592 592
593 48
593 593
593 642
593 889
594 267
594 281
594 566
594 594
594 836
594 880
595 83
595 595
596 115
596 410
596 596
596 683
596 772
596 893
597 352
597 597
597 733
598 123
598 598
598 704
599 599
600 30
600 33
600 437
600 600
601 8
601 144
601 308
601 601
601 735
602 9
602 35
602 70
602 163
602 235
602 536
602 602
602 861
603 300
603 603
604 266
604 453
604 604
604 608
604 908
605 278
605 463
605 605
606 13
606 606
607 607
608 207
608 235
608 237
608 289
608 604
608 608
608 782
608 940
609 362
609 525
609 576
609 609
609 756
610 162
610 439
610 610
610 714
610 901
611 423
611 611
612 208
612 212
612 416
612 427
612 612
612 1016
613 51
613 377
613 613
614 228
614 465
614 614
615 144
615 332
615 560
615 615
616 531
616 616
616 856
617 21
617 190
617 414
617 617
617 680
617 704
618 17
618 39
618 169
618 618
618 672
619 619
619 673
619 868
620 136
620 257
620 620
621 58
621 518
621 621
621 926
622 258
622 336
622 622
622 983
622 990
623 623
623 802
623 979
624 8
624 333
624 624
624 705
624 763
624 773
624 1023
625 22
625 625
626 0
626 77
626 366
626 626
626 642
626 731
626 893
627 498
627 627
627 662
628 5
628 25
628 448
628 468
628 547
628 628
629 629
630 630
630 939
631 6
631 389
631 631
632 490
632 632
633 633
634 232
634 634
634 711
634 1006
635 84
635 635
636 174
636 636
637 515
637 637
638 638
639 639
640 98
640 375
640 553
640 640
640 858
641 27
641 192
641 236
641 555
641 641
641 970
642 148
642 328
642 593
642 626
642 642
642 911
642 982
643 130
643 133
643 523
643 643
643 698
644 522
644 644
644 683
644 999
645 2
645 260
645 545
645 645
645 881
646 274
646 531
646 576
646 646
646 812
646 819
647 192
647 647
647 726
648 100
648 468
648 504
648 578
648 648
648 750
648 871
649 269
649 374
649 576
649 649
650 214
650 224
650 650
650 871
651 136
651 651
652 56
652 652
653 88
653 126
653 223
653 653
654 32
654 35
654 242
654 257
654 336
654 384
654 523
654 654
654 757
655 3
655 47
655 99
655 655
655 685
656 85
656 357
656 456
656 479
656 656
656 696
657 13
657 39
657 657
658 276
658 337
658 658
659 24
659 147
659 589
659 659
659 717
659 736
659 746
660 350
660 660
661 1
661 81
661 538
661 661
662 524
662 627
662 662
663 102
663 503
663 663
664 1
664 42
664 664
664 752
664 768
665 26
665 58
665 665
665 974
666 237
666 324
666 666
667 161
667 253
667 667
668 251
668 448
668 668
668 784
669 354
669 669
670 670
671 671
671 1023
672 93
672 331
672 424
672 535
672 618
672 672
672 783
672 896
673 1
673 12
673 298
673 619
673 673
673 833
673 866
674 159
674 455
674 540
674 674
675 675
675 850
676 80
676 330
676 676
676 698
676 766
677 3
677 38
677 677
677 712
678 210
678 443
678 563
678 678
678 701
679 104
679 264
679 418
679 573
679 679
680 22
680 35
680 438
680 617
680 680
680 872
680 908
681 348
681 681
682 171
682 682
683 39
683 196
683 596
683 644
683 683
683 785
684 1
684 684
684 781
685 588
685 655
685 685
686 68
686 260
686 686
687 68
687 687
687 1001
688 4
688 29
688 265
688 300
688 688
688 825
688 920
689 36
689 88
689 689
690 521
690 690
690 722
691 540
691 691
692 41
692 64
692 252
692 272
692 325
692 692
693 693
693 803
693 982
694 134
694 694
694 779
695 695
696 154
696 656
696 696
697 697
698 512
698 643
698 676
698 698
699 699
700 398
700 513
700 700
700 896
701 678
701 701
702 702
703 506
703 703
703 836
704 33
704 131
704 260
704 520
704 598
704 617
704 704
705 241
705 329
705 624
705 705
706 706
707 465
707 510
707 707
707 832
708 368
708 382
708 552
708 708
709 17
709 513
709 709
710 18
710 135
710 288
710 291
710 710
711 634
711 711
711 836
712 342
712 502
712 677
712 712
712 726
712 869
713 65
713 713
714 234
714 376
714 570
714 610
714 714
715 508
715 715
716 18
716 716
716 848
717 659
717 717
718 3
718 10
718 718
718 902
719 719
720 135
720 213
720 561
720 720
720 725
721 378
721 387
721 721
722 170
722 690
722 722
723 192
723 585
723 723
724 4
724 528
724 588
724 724
725 135
725 720
725 725
725 770
725 958
726 410
726 647
726 712
726 726
726 851
727 727
728 47
728 212
728 434
728 728
728 893
729 34
729 458
729 528
729 729
730 730
731 626
731 731
732 307
732 732
733 597
733 733
734 734
735 601
735 735
736 58
736 284
736 338
736 659
736 736
736 898
736 960
737 137
737 512
737 737
737 964
738 113
738 299
738 738
738 752
739 586
739 739
740 14
740 224
740 740
741 217
741 436
741 741
742 742
743 743
744 102
744 576
744 744
745 137
745 576
745 745
746 562
746 659
746 746
746 833
747 747
747 1014
748 88
748 263
748 748
749 749
750 648
750 750
751 1
751 144
751 751
752 0
752 435
752 488
752 664
752 738
752 752
752 946
753 144
753 557
753 753
754 536
754 754
755 142
755 264
755 755
755 847
756 145
756 609
756 756
757 30
757 179
757 307
757 426
757 654
757 757
758 324
758 758
759 88
759 531
759 759
760 64
760 760
761 761
762 309
762 762
763 624
763 763
764 764
764 991
765 561
765 765
766 676
766 766
767 767
768 6
768 20
768 49
768 96
768 183
768 320
768 562
768 568
768 664
768 768
769 34
769 88
769 138
769 322
769 454
769 769
769 864
769 909
769 944
770 16
770 36
770 191
770 448
770 453
770 584
770 725
770 770
770 772
770 1008
771 258
771 336
771 771
772 83
772 110
772 433
772 460
772 555
772 596
772 770
772 772
772 932
773 1
773 12
773 84
773 624
773 773
773 775
774 256
774 299
774 774
774 795
774 858
775 321
775 773
775 775
776 225
776 385
776 390
776 776
776 872
777 332
777 777
778 519
778 778
779 163
779 694
779 779
780 3
780 328
780 780
780 833
781 12
781 96
781 123
781 283
781 284
781 319
781 684
781 781
781 900
782 579
782 608
782 782
783 290
783 351
783 438
783 672
783 783
784 40
784 166
784 395
784 668
784 784
785 275
785 683
785 785
786 33
786 93
786 134
786 786
787 787
787 932
788 788
789 11
789 17
789 26
789 65
789 73
789 789
790 153
790 396
790 790
791 14
791 373
791 791
791 802
792 2
792 792
792 998
793 105
793 268
793 353
793 793
794 141
794 420
794 794
794 1001
795 33
795 774
795 795
795 830
796 65
796 324
796 377
796 526
796 796
797 448
797 797
798 420
798 798
799 51
799 799
800 175
800 322
800 362
800 543
800 572
800 800
801 289
801 452
801 513
801 525
801 801
801 817
801 828
802 569
802 588
802 623
802 791
802 802
802 973
803 11
803 491
803 693
803 803
804 155
804 257
804 405
804 804
804 887
805 46
805 97
805 155
805 191
805 805
806 288
806 458
806 544
806 580
806 806
807 325
807 807
807 974
808 808
808 885
809 136
809 225
809 809
810 194
810 427
810 810
811 811
811 831
812 49
812 134
812 646
812 812
813 161
813 313
813 813
814 232
814 814
815 815
816 51
816 387
816 440
816 488
816 816
817 420
817 801
817 817
817 974
818 225
818 818
818 854
819 646
819 819
820 32
820 35
820 296
820 820
821 350
821 821
822 327
822 822
823 204
823 368
823 823
824 517
824 824
824 972
825 688
825 825
826 98
826 209
826 826
827 38
827 386
827 827
828 18
828 49
828 312
828 801
828 828
829 58
829 829
830 213
830 795
830 830
831 811
831 831
832 38
832 193
832 304
832 312
832 707
832 832
833 237
833 343
833 590
833 673
833 746
833 780
833 833
834 293
834 571
834 834
835 89
835 97
835 203
835 835
836 281
836 389
836 445
836 594
836 703
836 711
836 836
836 946
836 988
837 209
837 520
837 837
838 19
838 838
839 533
839 839
840 590
840 840
840 1003
841 57
841 841
842 16
842 73
842 172
842 305
842 352
842 842
843 843
843 1022
844 210
844 232
844 544
844 844
845 10
845 469
845 845
846 846
847 249
847 512
847 586
847 755
847 847
848 9
848 261
848 285
848 302
848 344
848 395
848 716
848 848
849 158
849 198
849 849
850 50
850 77
850 675
850 850
850 935
851 6
851 726
851 851
852 93
852 852
852 902
853 260
853 853
853 965
854 444
854 818
854 854
855 855
856 573
856 588
856 616
856 856
857 857
858 640
858 774
858 858
859 449
859 859
860 420
860 860
861 602
861 861
862 86
862 221
862 531
862 862
863 73
863 863
864 72
864 769
864 864
864 960
865 865
866 404
866 477
866 673
866 866
867 867
868 277
868 395
868 619
868 868
869 96
869 712
869 869
870 543
870 870
871 90
871 289
871 648
871 650
871 871
872 54
872 484
872 680
872 776
872 872
872 886
873 873
874 874
874 928
875 301
875 568
875 875
876 59
876 136
876 876
877 877
878 878
878 904
879 879
880 258
880 594
880 880
880 929
880 944
881 267
881 645
881 881
882 258
882 336
882 882
882 978
883 65
883 883
884 98
884 392
884 884
884 982
885 512
885 808
885 885
886 156
886 872
886 886
887 804
887 887
888 280
888 406
888 888
888 928
889 593
889 889
890 890
891 891
892 892
893 596
893 626
893 728
893 893
894 530
894 894
895 895
895 962
896 164
896 672
896 700
896 896
897 26
897 243
897 897
898 9
898 97
898 130
898 736
898 898
899 129
899 194
899 391
899 899
899 929
900 4
900 33
900 51
900 162
900 516
900 781
900 900
901 334
901 610
901 901
902 256
902 550
902 718
902 852
902 902
903 344
903 903
904 48
904 878
904 904
904 1018
905 905
906 906
907 907
908 604
908 680
908 908
909 209
909 212
909 769
909 909
910 98
910 240
910 273
910 910
911 642
911 911
912 151
912 199
912 912
913 10
913 106
913 913
913 980
914 5
914 914
915 32
915 197
915 458
915 915
916 48
916 104
916 143
916 916
917 288
917 578
917 917
918 918
918 962
919 130
919 387
919 485
919 919
920 250
920 523
920 688
920 920
920 974
921 0
921 53
921 203
921 921
922 922
923 923
924 515
924 924
925 925
926 621
926 926
927 927
928 61
928 316
928 330
928 874
928 888
928 928
929 410
929 426
929 880
929 899
929 929
930 31
930 44
930 146
930 295
930 930
931 514
931 517
931 577
931 931
932 564
932 772
932 787
932 932
933 22
933 933
934 235
934 934
935 208
935 850
935 935
936 936
937 937
938 938
939 576
939 630
939 939
939 963
940 268
940 608
940 940
941 941
942 942
943 943
944 4
944 769
944 880
944 944
945 293
945 467
945 945
946 192
946 752
946 836
946 946
947 364
947 947
948 948
949 162
949 949
950 950
951 44
951 951
952 417
952 952
953 133
953 295
953 372
953 953
954 464
954 586
954 954
955 131
955 955
956 67
956 956
957 344
957 407
957 957
958 380
958 725
958 958
959 959
960 562
960 736
960 864
960 960
961 76
961 294
961 440
961 513
961 961
962 220
962 523
962 895
962 918
962 962
963 96
963 939
963 963
964 512
964 737
964 964
965 176
965 264
965 853
965 965
966 44
966 966
967 38
967 967
968 80
968 321
968 968
969 438
969 969
970 186
970 641
970 970
970 978
971 971
972 513
972 516
972 824
972 972
973 170
973 802
973 973
974 89
974 665
974 807
974 817
974 920
974 974
975 975
976 202
976 533
976 976
977 118
977 977
978 393
978 882
978 970
978 978
979 623
979 979
980 37
980 913
980 980
981 226
981 285
981 981
982 24
982 75
982 153
982 305
982 642
982 693
982 884
982 982
983 622
983 983
984 200
984 984
985 985
986 554
986 986
987 987
988 836
988 988
989 989
990 157
990 299
990 622
990 990
991 161
991 164
991 512
991 764
991 991
992 992
993 993
994 99
994 994
995 423
995 995
996 996
997 997
998 145
998 539
998 792
998 998
999 529
999 530
999 644
999 999
1000 1000
1001 687
1001 794
1001 1001
1002 33
1002 169
1002 543
1002 1002
1003 155
1003 840
1003 1003
1004 258
1004 1004
1005 1005
1006 634
1006 1006
1007 1007
1008 15
1008 100
1008 504
1008 770
1008 1008
1009 89
1009 1009
1010 444
1010 536
1010 1010
1011 1011
1012 1012
1013 1013
1014 747
1014 1014
1015 128
1015 1015
1016 612
1016 1016
1017 1017
1018 904
1018 1018
1019 27
1019 289
1019 1019
1020 1020
1021 66
1021 1021
1022 843
1022 1022
1023 624
1023 671
1023 1023
